date,SECO,S,NE,N,SIN
2013-01-01,29850,6552,7583,3564,47549
2013-01-02,36604,8364,8979,3806,57753
2013-01-03,37330,9471,9428,3903,60132
2013-01-04,37248,10107,9406,3931,60693
2013-01-05,35165,9369,8993,3843,57369
2013-01-06,32907,8115,8305,3742,53069
2013-01-07,39290,10534,9388,4033,63245
2013-01-08,41221,10822,9596,4006,65645
2013-01-09,40655,11062,9674,3979,65369
2013-01-10,38982,10948,9770,3925,63624
2013-01-11,36935,10790,9664,3894,61283
2013-01-12,33732,9574,9045,3816,56167
2013-01-13,30412,8407,8186,3664,50669
2013-01-14,36093,11093,9257,3948,60390
2013-01-15,36896,11682,9362,3973,61913
2013-01-16,37255,11548,9483,3917,62203
2013-01-17,37240,11951,9522,3979,62691
2013-01-18,37518,11898,9513,4019,62949
2013-01-19,35117,10124,8972,3939,58151
2013-01-20,30938,8548,8157,3708,51352
2013-01-21,35893,10945,9311,4091,60240
2013-01-22,36808,11445,9384,4154,61790
2013-01-23,37728,11709,9362,4125,62924
2013-01-24,38861,12170,9388,4096,64514
2013-01-25,39277,11789,9457,4057,64580
2013-01-26,36210,9979,9062,4008,59259
2013-01-27,31412,8480,8346,3847,52084
2013-01-28,36857,11406,9457,4158,61877
2013-01-29,37481,12089,9636,4154,63360
2013-01-30,37733,12234,9713,4169,63849
2013-01-31,38432,12623,9695,4189,64939
2013-02-01,38932,12904,9670,4168,65674
2013-02-02,36245,10941,9198,4040,60424
2013-02-03,32668,8846,8492,3840,53846
2013-02-04,37956,10930,9604,4146,62635
2013-02-05,38111,11517,9864,4122,63613
2013-02-06,38186,11607,9857,4132,63782
2013-02-07,38018,11405,9783,4056,63261
2013-02-08,38140,11351,9611,4102,63205
2013-02-09,34776,9917,9012,4013,57718
2013-02-10,31491,8456,8206,3873,52025
2013-02-11,34079,10298,8216,3931,56524
2013-02-12,34599,10366,8314,3848,57127
2013-02-13,39004,11678,9049,3908,63639
2013-02-14,41248,11985,9830,4026,67089
2013-02-15,41748,11742,9768,4155,67414
2013-02-16,38453,10481,9276,4047,62258
2013-02-17,34777,9077,8507,3897,56258
2013-02-18,41354,11661,9414,4186,66615
2013-02-19,41968,11892,9546,4099,67505
2013-02-20,42185,12061,9600,4095,67940
2013-02-21,42258,11699,9612,4134,67703
2013-02-22,42010,11579,9717,4210,67516
2013-02-23,37725,9953,9253,4165,61096
2013-02-24,33950,8841,8466,3920,55177
2013-02-25,40939,11715,9568,4143,66365
2013-02-26,42163,11511,9840,4196,67709
2013-02-27,41213,11270,10015,4209,66707
2013-02-28,40414,11430,9921,4259,66024
2013-03-01,39166,11824,9857,4234,65082
2013-03-02,35581,10343,9252,4096,59272
2013-03-03,32772,8966,8569,3961,54268
2013-03-04,40487,11451,9673,4237,65847
2013-03-05,41791,11232,9942,4390,67355
2013-03-06,41805,11126,10005,4400,67336
2013-03-07,42194,11375,9942,4286,67797
2013-03-08,42109,11676,9920,4308,68013
2013-03-09,38563,9801,9538,4230,62132
2013-03-10,34711,8130,8807,3966,55614
2013-03-11,41103,11104,10002,4300,66510
2013-03-12,42089,11269,10265,4412,68034
2013-03-13,42157,10864,10324,4411,67756
2013-03-14,40775,10662,10247,4378,66062
2013-03-15,40114,10695,10095,4367,65271
2013-03-16,37045,9422,9396,4137,60000
2013-03-17,33243,7828,8703,4091,53865
2013-03-18,37765,10194,9864,4357,62179
2013-03-19,37584,10592,9790,4308,62274
2013-03-20,37685,10659,9800,4173,62317
2013-03-21,38366,10638,9865,4250,63119
2013-03-22,39426,10803,9926,4282,64437
2013-03-23,36501,9418,9484,4234,59637
2013-03-24,32359,7809,8707,3980,52855
2013-03-25,38505,10529,9678,4247,62958
2013-03-26,39088,10980,10037,4331,64436
2013-03-27,38632,10938,10051,4326,63947
2013-03-28,37589,10755,9777,4273,62394
2013-03-29,31111,7887,8460,4000,51459
2013-03-30,32137,8406,8694,3977,53214
2013-03-31,30506,7866,8376,3832,50580
2013-04-01,38089,11042,9697,4302,63129
2013-04-02,39305,11320,10048,4367,65039
2013-04-03,38995,11367,10112,4365,64839
2013-04-04,39141,11333,10135,4362,64973
2013-04-05,39010,10620,10186,4318,64134
2013-04-06,36056,9171,9729,4183,59140
2013-04-07,32332,7932,9049,3992,53305
2013-04-08,37589,10600,10094,4261,62545
2013-04-09,38104,10885,10197,4315,63501
2013-04-10,37719,11017,10262,4223,63222
2013-04-11,38217,11103,10228,4198,63746
2013-04-12,39017,10959,10199,4256,64431
2013-04-13,36035,9101,9804,4194,59134
2013-04-14,30942,7543,9126,4005,51616
2013-04-15,35857,10131,10268,4384,60640
2013-04-16,36642,10399,10349,4336,61726
2013-04-17,36272,10588,10330,4307,61497
2013-04-18,36246,10649,10147,4269,61310
2013-04-19,36810,10673,9865,4247,61595
2013-04-20,33669,9153,9112,4127,56061
2013-04-21,29751,7663,8249,3942,49605
2013-04-22,35141,10151,9147,4218,58657
2013-04-23,35748,10684,9312,4288,60032
2013-04-24,36314,10793,9248,4357,60712
2013-04-25,36438,10830,9198,4336,60801
2013-04-26,36323,10852,9252,4274,60701
2013-04-27,33758,9348,8851,4201,56159
2013-04-28,29954,8077,8175,4001,50205
2013-04-29,36127,10308,9035,4351,59821
2013-04-30,37459,10693,9234,4366,61752
2013-05-01,32385,8469,8080,4037,52971
2013-05-02,37102,10834,9210,4325,61470
2013-05-03,37787,10992,9300,4313,62392
2013-05-04,34822,9208,8860,4186,57076
2013-05-05,31041,7633,8155,3984,50813
2013-05-06,35902,9799,9144,4352,59197
2013-05-07,36087,10092,9576,4362,60117
2013-05-08,35709,10320,9722,4344,60094
2013-05-09,35860,10377,9693,4276,60206
2013-05-10,36150,10305,9531,4219,60205
2013-05-11,33334,8868,8929,4100,55231
2013-05-12,29460,7416,8198,3925,48998
2013-05-13,35889,10221,9256,4340,59707
2013-05-14,37138,10705,9516,4365,61724
2013-05-15,37898,10724,9375,4284,62280
2013-05-16,38111,10482,9504,4232,62329
2013-05-17,36721,10420,9417,4389,60946
2013-05-18,33072,9060,8836,4208,55176
2013-05-19,29258,7778,8084,3944,49065
2013-05-20,35512,10098,9084,4243,58937
2013-05-21,36747,10393,9364,4286,60789
2013-05-22,36842,10588,9464,4262,61156
2013-05-23,36494,10658,9555,4276,60983
2013-05-24,35761,10707,9621,4253,60342
2013-05-25,32560,9425,9067,4107,55159
2013-05-26,28620,7720,8196,3898,48435
2013-05-27,34765,10369,9056,4205,58395
2013-05-28,36695,10838,9398,4264,61196
2013-05-29,37193,10525,9552,4322,61593
2013-05-30,32815,8517,8893,4117,54342
2013-05-31,34162,9426,9386,4273,57247
2013-06-01,32086,8629,8881,4225,53821
2013-06-02,29471,7345,8345,3899,49061
2013-06-03,35559,9861,9446,4256,59123
2013-06-04,35670,10418,9591,4107,59786
2013-06-05,35237,10549,9441,4078,59305
2013-06-06,35583,10606,9397,4055,59640
2013-06-07,35728,10527,9435,4083,59773
2013-06-08,33092,9165,8836,3917,55010
2013-06-09,29474,7619,7976,3840,48909
2013-06-10,35305,10330,9023,4076,58734
2013-06-11,36316,10874,9247,4035,60473
2013-06-12,36649,10843,9294,4015,60801
2013-06-13,36317,10703,9251,4065,60336
2013-06-14,36568,10674,9314,4101,60658
2013-06-15,33464,9177,8904,3958,55504
2013-06-16,29637,7844,8179,3804,49463
2013-06-17,36285,10496,9247,4096,60124
2013-06-18,37253,10871,9504,4084,61712
2013-06-19,36615,10920,9289,4077,60900
2013-06-20,36685,10876,9323,4088,60971
2013-06-21,36766,10737,9469,4096,61067
2013-06-22,33887,8892,8758,3905,55443
2013-06-23,29881,7526,7976,3770,49152
2013-06-24,35515,10313,8039,4043,57911
2013-06-25,36428,10731,9002,4014,60174
2013-06-26,36796,10811,9142,4066,60814
2013-06-27,37549,10803,9301,4083,61735
2013-06-28,37281,10570,9395,4076,61321
2013-06-29,34037,9105,8809,3878,55828
2013-06-30,30046,7577,8086,3730,49438
2013-07-01,35520,10370,8950,3898,58738
2013-07-02,36046,10791,9016,3930,59783
2013-07-03,35914,10753,9048,3994,59709
2013-07-04,35513,10738,8988,3935,59174
2013-07-05,35663,10731,8953,4010,59358
2013-07-06,32558,9214,8689,3940,54401
2013-07-07,28986,7748,7953,3792,48479
2013-07-08,33729,10313,8948,4120,57110
2013-07-09,33202,10699,9097,5029,58027
2013-07-10,35379,10721,9111,5044,60255
2013-07-11,35047,10593,8991,5068,59699
2013-07-12,35359,10758,9133,4961,60211
2013-07-13,33044,9235,8740,4695,55714
2013-07-14,29440,7764,7928,4470,49602
2013-07-15,35402,10327,8920,4896,59545
2013-07-16,36556,10636,9094,4875,61161
2013-07-17,36625,10592,9090,4922,61230
2013-07-18,36730,10672,9192,4964,61558
2013-07-19,36771,10960,9298,4886,61915
2013-07-20,34327,9410,8809,4662,57209
2013-07-21,30800,7795,8161,4470,51226
2013-07-22,36643,10569,9224,4800,61235
2013-07-23,36086,11093,9251,4826,61256
2013-07-24,35054,11175,9398,4773,60400
2013-07-25,35135,11220,9415,4993,60764
2013-07-26,34870,10805,9300,4986,59962
2013-07-27,32188,9237,8569,4877,54870
2013-07-28,28729,7803,7965,4583,49081
2013-07-29,34347,10418,9075,4952,58792
2013-07-30,35600,10854,9259,5189,60902
2013-07-31,35904,10744,9159,5219,61026
2013-08-01,36434,10644,9151,5112,61341
2013-08-02,36685,10659,9260,5162,61767
2013-08-03,33728,9106,8700,4872,56406
2013-08-04,30389,7426,8051,4653,50518
2013-08-05,36137,10028,9167,5188,60520
2013-08-06,37256,10485,9210,5357,62308
2013-08-07,37255,10508,9208,5292,62263
2013-08-08,37653,10713,9282,5278,62927
2013-08-09,38150,10826,9041,5344,63362
2013-08-10,34383,9305,8845,5134,57667
2013-08-11,29450,7524,8078,4742,49795
2013-08-12,35792,10111,9258,5226,60387
2013-08-13,37699,10733,9499,5294,63225
2013-08-14,37453,10984,9449,5327,63213
2013-08-15,36408,10804,9364,5493,62070
2013-08-16,36189,10685,9451,5248,61574
2013-08-17,33803,9177,8916,4985,56881
2013-08-18,29833,7667,8101,4686,50288
2013-08-19,35549,10222,8995,5133,59898
2013-08-20,36694,10584,9099,5219,61596
2013-08-21,36924,10698,9116,5331,62069
2013-08-22,37338,10795,9309,5212,62654
2013-08-23,38040,10967,9250,5219,63476
2013-08-24,34814,9487,8890,5122,58313
2013-08-25,30984,8080,8058,4920,52042
2013-08-26,36459,10726,9185,5426,61796
2013-08-27,36707,11059,9491,5437,62694
2013-08-28,35947,10772,8331,5438,60487
2013-08-29,35808,10766,9155,5337,61067
2013-08-30,36407,10634,9103,5287,61432
2013-08-31,33959,8917,8637,5075,56588
2013-09-01,30296,7577,7883,4791,50547
2013-09-02,36889,10005,8995,5303,61192
2013-09-03,37873,10592,9296,5224,62985
2013-09-04,37337,10622,9433,5207,62598
2013-09-05,36676,10508,9469,5262,61915
2013-09-06,36397,10390,9381,5152,61320
2013-09-07,31669,8173,8317,4756,52916
2013-09-08,29873,7705,7896,4757,50230
2013-09-09,36479,10542,9082,5099,61202
2013-09-10,37674,10894,9275,5304,63146
2013-09-11,38240,11102,9209,5295,63847
2013-09-12,38099,11215,9247,5288,63849
2013-09-13,38051,11421,9323,5374,64169
2013-09-14,35132,9599,8964,5218,58912
2013-09-15,31757,8013,8273,4969,53012
2013-09-16,38575,10440,9414,5459,63888
2013-09-17,39464,10378,9790,5548,65180
2013-09-18,38676,10534,9813,5548,64571
2013-09-19,38427,10525,9663,5506,64121
2013-09-20,38805,9985,9721,5382,63894
2013-09-21,36368,9029,9184,4960,59540
2013-09-22,32949,7789,8428,4761,53927
2013-09-23,38761,10173,9654,5275,63864
2013-09-24,38373,10560,9903,5396,64231
2013-09-25,36689,10472,10019,5296,62476
2013-09-26,36704,10468,9965,5297,62434
2013-09-27,37086,10391,9829,5261,62567
2013-09-28,34533,9024,9254,5005,57816
2013-09-29,31187,7674,8410,4790,52060
2013-09-30,37355,10275,9459,5177,62266
2013-10-01,38550,10543,9681,5252,64026
2013-10-02,38603,10672,9807,5288,64370
2013-10-03,38780,10737,9822,5304,64643
2013-10-04,38566,10679,9882,5315,64442
2013-10-05,35153,9065,9469,5137,58824
2013-10-06,30244,7469,8772,4837,51322
2013-10-07,35134,10045,9746,5170,60095
2013-10-08,35837,10472,9742,5254,61305
2013-10-09,36181,10652,9677,5238,61748
2013-10-10,36692,10805,9651,5192,62340
2013-10-11,36572,10784,9518,5215,62089
2013-10-12,31699,8195,8479,4874,53247
2013-10-13,30321,7576,8104,4831,50832
2013-10-14,37880,10699,9383,5273,63236
2013-10-15,39045,11166,9751,5170,65132
2013-10-16,38581,11049,9761,5156,64547
2013-10-17,38146,10971,9748,5209,64074
2013-10-18,37801,10868,9799,5198,63665
2013-10-19,33887,9460,9423,4872,57641
2013-10-20,29534,7434,8260,4329,49557
2013-10-21,38445,10531,9462,5012,63450
2013-10-22,39599,10873,9911,5305,65688
2013-10-23,39748,11067,9882,5320,66017
2013-10-24,40067,11249,9798,5254,66367
2013-10-25,39751,10933,9850,5337,65872
2013-10-26,35764,9603,9349,5122,59838
2013-10-27,32588,8050,8656,4840,54134
2013-10-28,37363,10358,9611,5117,62449
2013-10-29,37726,10656,9975,5266,63622
2013-10-30,37837,10983,9935,5235,63991
2013-10-31,37711,11006,9871,5260,63846
2013-11-01,37136,10866,9806,5099,62907
2013-11-02,32276,8388,8802,4742,54208
2013-11-03,30610,8020,8388,4730,51748
2013-11-04,37823,10636,9287,4997,62743
2013-11-05,38092,11006,9700,4904,63702
2013-11-06,37238,10970,9726,5099,63033
2013-11-07,36862,11036,9790,5109,62797
2013-11-08,36890,11326,9793,5182,63191
2013-11-09,34145,9981,9393,5088,58607
2013-11-10,31401,8603,8613,4795,53412
2013-11-11,39682,11242,9739,5188,65850
2013-11-12,41558,11075,10012,5237,67881
2013-11-13,39825,11248,10099,5259,66431
2013-11-14,38580,11201,9887,5261,64929
2013-11-15,34149,9252,8801,4844,57045
2013-11-16,33947,8933,8812,4757,56448
2013-11-17,31469,7715,8357,4654,52195
2013-11-18,37160,10905,9598,5139,62802
2013-11-19,39219,11855,9759,5124,65958
2013-11-20,38188,11825,9771,4964,64747
2013-11-21,40953,11706,9815,5212,67687
2013-11-22,39850,11127,9873,5229,66079
2013-11-23,35442,9430,9484,4940,59297
2013-11-24,31219,8022,8753,4731,52725
2013-11-25,36907,11240,9846,5158,63151
2013-11-26,37323,12074,10118,5267,64782
2013-11-27,37689,12181,9966,5187,65024
2013-11-28,38927,12147,9785,5105,65965
2013-11-29,39847,11543,9708,5132,66230
2013-11-30,35609,9870,9461,5031,59971
2013-12-01,31309,8431,8629,4748,53117
2013-12-02,38472,11024,9822,5264,64582
2013-12-03,40247,12303,10301,5407,68258
2013-12-04,40877,12365,10387,5344,68973
2013-12-05,41538,11762,10425,5406,69131
2013-12-06,39472,11063,10359,5397,66291
2013-12-07,35410,9817,9693,5172,60092
2013-12-08,32234,8615,8775,4889,54512
2013-12-09,39579,11755,9970,5468,66772
2013-12-10,40727,11659,10153,5552,68092
2013-12-11,39458,11365,10276,5537,66636
2013-12-12,38417,11364,10303,5509,65594
2013-12-13,37516,11583,10208,5505,64811
2013-12-14,34588,10201,9673,5294,59755
2013-12-15,31779,9045,8811,5050,54685
2013-12-16,37585,11881,9809,5350,64625
2013-12-17,37514,12135,9868,5307,64824
2013-12-18,37743,12137,9792,5327,64999
2013-12-19,37644,12125,9626,5253,64648
2013-12-20,37675,11846,9421,5171,64114
2013-12-21,34342,10496,8989,4993,58819
2013-12-22,31310,9256,8437,4815,53818
2013-12-23,34232,10452,9157,4890,58731
2013-12-24,31998,9844,8826,4856,55525
2013-12-25,28691,8803,7921,4627,50043
2013-12-26,35534,11246,9414,5062,61256
2013-12-27,36907,11880,9709,5143,63639
2013-12-28,35336,10656,9250,4955,60197
2013-12-29,32720,9615,8685,4811,55831
2013-12-30,36037,10529,9394,5056,61016
2013-12-31,33539,9585,8965,4861,56950
2014-01-01,30534,8452,8105,4629,51720
2014-01-02,37175,10377,9428,5205,62184
2014-01-03,39691,10431,9743,5395,65260
2014-01-04,37161,9028,9438,5256,60884
2014-01-05,33873,8201,8864,4980,55918
2014-01-06,40100,11070,9701,5297,66167
2014-01-07,40928,12069,9821,5341,68159
2014-01-08,41772,12212,9807,5355,69146
2014-01-09,42246,12376,9926,5226,69773
2014-01-10,42275,12623,9953,5145,69996
2014-01-11,38810,10334,9273,5053,63470
2014-01-12,34754,8570,8520,4796,56639
2014-01-13,41101,11275,9655,5098,67129
2014-01-14,41904,11960,9947,5153,68964
2014-01-15,42256,11920,10020,5176,69371
2014-01-16,41887,12019,10098,5198,69201
2014-01-17,41066,12523,10276,5329,69194
2014-01-18,36575,11103,9843,5171,62691
2014-01-19,32812,9804,9037,4981,56633
2014-01-20,39439,13114,9932,5363,67848
2014-01-21,41494,13750,10131,5356,70732
2014-01-22,42109,14255,10116,5393,71873
2014-01-23,42615,14356,10334,5491,72796
2014-01-24,42655,14258,10178,5255,72347
2014-01-25,38300,11116,9643,4955,64015
2014-01-26,35120,9210,8912,4726,57968
2014-01-27,42323,12755,9896,5139,70114
2014-01-28,43566,13876,9985,5203,72630
2014-01-29,43686,14291,10128,5313,73418
2014-01-30,43761,14105,10166,5295,73326
2014-01-31,43835,13564,10049,5399,72847
2014-02-01,39997,11517,9522,5077,66113
2014-02-02,36535,10347,8750,4736,60368
2014-02-03,44127,13945,9801,5236,73109
2014-02-04,44764,14314,9900,5337,74315
2014-02-05,45123,14729,9946,5303,75101
2014-02-06,45169,14991,10029,5285,75474
2014-02-07,44898,14902,9980,5342,75122
2014-02-08,40922,12612,9453,5141,68127
2014-02-09,36860,10685,8609,4918,61072
2014-02-10,44108,13935,9753,5274,73071
2014-02-11,44821,14352,10093,5326,74592
2014-02-12,44229,14411,10059,5253,73952
2014-02-13,44309,13335,10263,5268,73175
2014-02-14,43704,11899,10185,5265,71053
2014-02-15,38859,9769,9550,5045,63223
2014-02-16,33670,8599,8773,4721,55763
2014-02-17,39861,11659,9890,5291,66701
2014-02-18,40126,12445,10150,5379,68101
2014-02-19,40045,12684,10147,5289,68165
2014-02-20,40872,12560,10074,5321,68827
2014-02-21,41676,12818,9911,5317,69722
2014-02-22,38315,11055,9495,5053,63919
2014-02-23,34514,9196,8789,4716,57216
2014-02-24,41490,12076,9878,5221,68665
2014-02-25,42118,12556,10168,5267,70109
2014-02-26,43036,12461,10211,5367,71075
2014-02-27,43799,11688,10348,5405,71240
2014-02-28,42339,11239,10162,5396,69135
2014-03-01,36998,9661,9481,5212,61352
2014-03-02,32966,8482,8649,4797,54895
2014-03-03,35143,10286,8785,5038,59252
2014-03-04,35361,10144,8683,4853,59041
2014-03-05,39345,11257,9271,5083,64955
2014-03-06,41134,11765,10136,5160,68196
2014-03-07,40665,12008,10234,5290,68197
2014-03-08,36235,10225,9778,5046,61283
2014-03-09,32619,8842,9058,4832,55351
2014-03-10,40633,11857,10164,5274,67927
2014-03-11,41907,11981,10231,5331,69449
2014-03-12,41958,11907,10117,5124,69106
2014-03-13,41938,11880,9959,5268,69045
2014-03-14,42429,12247,9883,5336,69895
2014-03-15,39159,10696,9457,5217,64528
2014-03-16,35873,9233,8783,5054,58942
2014-03-17,43101,12245,9821,5426,70593
2014-03-18,43478,11997,10123,5504,71102
2014-03-19,43411,11667,9961,5357,70396
2014-03-20,43598,11437,10173,5317,70526
2014-03-21,43310,11395,10274,5394,70372
2014-03-22,38581,9471,9720,5219,62991
2014-03-23,33149,7777,9073,4894,54893
2014-03-24,38525,10746,10156,5256,64682
2014-03-25,39487,11399,10128,5285,66298
2014-03-26,39660,11545,10357,5339,66901
2014-03-27,40045,11907,10389,5295,67635
2014-03-28,40401,12086,10208,5272,67968
2014-03-29,36901,10527,9527,5144,62099
2014-03-30,33544,8820,8714,4968,56046
2014-03-31,40409,11507,9789,5315,67020
2014-04-01,41337,11799,10083,5407,68626
2014-04-02,41425,11868,10261,5243,68796
2014-04-03,40952,11867,10343,5298,68461
2014-04-04,40296,11836,10376,5427,67935
2014-04-05,36363,10239,9835,5272,61710
2014-04-06,32737,8996,9033,5067,55833
2014-04-07,39630,12155,10010,5518,67313
2014-04-08,40704,12545,10201,5557,69008
2014-04-09,41554,11616,10133,5460,68762
2014-04-10,41031,11347,10123,5317,67817
2014-04-11,41014,11606,10093,5314,68028
2014-04-12,37681,9758,9480,5135,62053
2014-04-13,33782,7833,8872,4859,55346
2014-04-14,38713,10351,10062,5272,64398
2014-04-15,38301,10841,10130,5311,64583
2014-04-16,38536,11102,10084,5450,65172
2014-04-17,38668,11178,9770,5219,64835
2014-04-18,31997,8157,8478,4819,53450
2014-04-19,33158,8393,8951,4913,55415
2014-04-20,31128,7374,8678,4826,52007
2014-04-21,32589,8349,8989,4893,54819
2014-04-22,38208,10800,10219,5266,64493
2014-04-23,38871,10966,10391,5411,65638
2014-04-24,38624,10888,10373,5458,65343
2014-04-25,37432,10816,10506,5450,64205
2014-04-26,33697,9336,10003,5103,58138
2014-04-27,29960,7802,9039,4768,51569
2014-04-28,35432,10424,9672,5154,60682
2014-04-29,36104,10871,9558,5286,61819
2014-04-30,36247,10849,9455,5275,61827
2014-05-01,31823,8274,8382,4867,53346
2014-05-02,34990,9562,9502,5252,59306
2014-05-03,33448,8657,9081,5121,56307
2014-05-04,30782,7534,8383,4802,51500
2014-05-05,37369,10436,9436,5240,62481
2014-05-06,38305,11062,9674,5216,64257
2014-05-07,38426,11170,9868,5152,64616
2014-05-08,38575,11226,9810,5266,64876
2014-05-09,38027,10839,10034,5038,63939
2014-05-10,33750,9147,9735,4781,57413
2014-05-11,29250,7571,8653,4390,49864
2014-05-12,35217,10461,9441,5061,60180
2014-05-13,36208,10925,9670,5219,62023
2014-05-14,36708,11056,9659,5262,62685
